9432
3186
6292
8100
6548
3998
2418
91
1747
6966
3586
2882
8487
7612
823
9133
4083
1989
7479
2185
7613
8703
9158
9756
5199
7252
8271
6992
8977
7306
2608
7778
7374
4247
4051
4544
8541
7940
3920
4500
7207
1270
4682
3842
4452
5503
5239
8850
1321
2268
2472
3789
6276
2504
3506
1053
6798
6679
5422
8891
7634
6813
1021
3389
6884
6382
9570
321
9433
6233
7815
97
5764
4893
6390
6866
8819
8948
9884
3614
8000
3596
4472
7141
7957
476
6372
5508
6625
2705
7658
2092
8752
442
6456
9698
9247
445
1376
7023
2224
7565
2978
824
4263
6212
5364
3468
7450
5356
5530
4559
6907
4134
1342
7706
318
8838
854
5734
3674
1125
660
509
4052
3267
334
2497
3909
2069
7759
1875
9241
3572
7620
4199
6044
2750
9927
9950
1877
2684
5097
1772
9482
421
5112
9434
6150
6499
3250
1246
9701
3979
1670
4942
9838
1984
9273
673
5689
8729
7019
6072
1130
8290
5591
208
6883
8032
1730
7103
5935
7533
2507
7136
2886
8549
4426
8818
7922
7617
7137
9708
4398
5281
4023
1420
4570
7386
3996
7614
9337
6210
5512
471
8099
5326
2980
7989
3476
5814
4233
5577
4582
9768
4527
9107
167
8465
3131
1403
3955
6659
8005
9097
3938
7801
8042
7343
283
1525
4821
3631
6626
3987
5017
9529
6047
7754
9069
8699
5633
6972
9018
5420
5765
7435
4439
5024
4119
3778
1977
3156
5170
1959
8780
3034
3139
3546
7934
4531
9660
8596
9778
4637
1648
3181
4854
3728
5913
2940
4953
232
2074
4495
746
894
9067
4787
8043
1681
201
9406
4659
7691
7844
7217
5583
3021
842
4137
7828
1870
1071
6566
8057
1214
9454
879
2486
2445
9222
4979
1396
4067
1941
9144
6819
9934
9767
3698
8562
7382
7254
4872
9643
7026
5004
9317
987
9989
1626
3405
3458
4336
1331
2574
3930
2848
9044
1230
2565
44
6694
9730
7700
4772
535
3793
4721
4633
7439
1167
3825
4335
9664
3242
1881
8923
3684
2442
4353
2331
1170
978
2719
5040
9750
9326
4729
7196
2038
7680
4983
6595
4461
8200
8848
8091
7173
1318
9799
654
7079
9892
4103
424
1497
3751
9425
9620
340
4416
9442
2871
7709
8503
7246
4558
2974
9591
7142
1495
7701
5701
6691
5461
5261
1714
2635
5404
6745
8118
4723
6562
9013
602
7452
1443
5154
4136
5297
1900
6623
8432
19
8890
7570
6771
889
3074
8495
5928
8168
7243
846
3336
4376
8999
2147
4720
7179
7942
1990
473
9976
3921
2595
5092
9025
225
9049
6685
1528
3682
1859
7561
1925
2523
8166
4782
8338
4480
6808
7906
7737
3994
7484
9032
2370
6285
3123
9821
8328
2237
1144
6799
5569
8319
4378
43
4635
4892
9617
9502
8023
2435
7317
8825
7936
5655
5447
9043
8904
6181
7461
5273
3091
3913
9369
6275
3827
6731
716
5214
7750
6247
6326
2493
8116
607
8230
9670
5440
1645
7214
1634
8618
7487
