9981
9978
9940
9939
9933
9910
9892
9864
9814
9775
9772
9764
9750
9741
9675
9655
9642
9639
9578
9572
9563
9561
9544
9513
9503
9490
9486
9460
9447
9441
9356
9334
9325
9296
9293
9261
9225
9198
9196
9190
9174
9126
9106
9087
9084
9076
9065
9053
9045
9039
9017
9008
8978
8939
8936
8929
8901
8884
8857
8838
8836
8835
8831
8822
8809
8798
8787
8786
8752
8728
8702
8690
8670
8667
8646
8566
8519
8480
8446
8424
8380
8376
8349
8347
8321
8318
8309
8289
8281
8280
8239
8202
8180
8086
8006
8005
7974
7963
7957
7954
7887
7812
7788
7785
7753
7750
7745
7712
7669
7652
7619
7580
7574
7542
7528
7518
7509
7492
7462
7455
7434
7429
7398
7360
7351
7261
7245
7240
7239
7180
7178
7150
7145
7124
7120
7067
7063
7044
7042
7020
7008
6940
6933
6931
6925
6917
6913
6889
6874
6869
6791
6756
6746
6736
6692
6670
6659
6654
6616
6597
6593
6573
6571
6549
6544
6538
6529
6485
6483
6397
6312
6305
6268
6253
6228
6225
6217
6212
6210
6202
6127
6119
6066
6055
6050
5978
5975
5968
5948
5931
5926
5882
5863
5821
5805
5795
5754
5729
5719
5664
5636
5618
5575
5574
5560
5540
5515
5492
5465
5443
5426
5414
5410
5379
5345
5314
5311
5280
5184
5181
5169
5156
5148
5144
5140
5139
5108
5086
5068
5051
5039
5001
4979
4957
4931
4921
4916
4906
4890
4862
4845
4809
4804
4742
4701
4674
4670
4650
4617
4574
4565
4564
4563
4558
4555
4553
4534
4507
4463
4423
4387
4375
4372
4352
4350
4346
4343
4340
4334
4326
4316
4305
4292
4280
4273
4174
4120
4115
4093
4089
4074
4066
4062
4041
4034
4013
4012
4011
4003
3982
3947
3924
3911
3900
3879
3873
3854
3849
3815
3812
3771
3753
3751
3734
3729
3682
3681
3658
3653
3645
3612
3609
3599
3594
3583
3567
3528
3511
3503
3502
3493
3484
3471
3457
3451
3444
3442
3433
3347
3336
3296
3270
3263
3259
3258
3229
3165
3151
3144
3140
3120
3117
3115
3112
3045
3007
2939
2928
2926
2901
2852
2804
2781
2725
2706
2698
2678
2665
2663
2648
2647
2622
2616
2609
2592
2585
2580
2548
2547
2537
2533
2505
2443
2427
2415
2341
2297
2288
2287
2267
2201
2171
2168
2145
2144
2104
2089
2086
2061
2046
2042
1983
1965
1895
1892
1890
1877
1833
1828
1825
1797
1791
1777
1772
1754
1744
1698
1685
1680
1675
1655
1639
1613
1605
1589
1585
1546
1536
1531
1529
1520
1513
1490
1425
1404
1390
1344
1313
1308
1292
1291
1236
1233
1201
1194
1189
1170
1164
1161
1147
1140
1138
1134
1128
1123
1114
1105
1085
1050
1041
999
994
965
961
959
950
937
932
917
888
833
829
822
772
758
751
728
723
712
686
654
652
635
627
591
526
521
515
489
453
435
410
407
401
388
345
320
242
189
159
153
129
118
107
59
54
36
28
10
7
