47
101
126
127
133
154
229
244
252
259
308
342
350
360
411
423
431
475
503
511
537
547
589
610
617
646
673
694
711
743
745
754
804
816
829
843
859
862
898
920
921
933
983
993
997
1036
1042
1077
1100
1119
1122
1125
1141
1181
1205
1211
1216
1226
1234
1235
1252
1258
1276
1289
1294
1316
1324
1337
1392
1399
1444
1477
1480
1481
1495
1502
1504
1528
1558
1583
1592
1593
1613
1623
1625
1628
1647
1685
1698
1735
1748
1769
1774
1776
1787
1802
1817
1863
1865
1869
1875
1883
1887
1888
1903
1912
1966
2002
2003
2025
2064
2068
2077
2117
2130
2132
2154
2160
2166
2223
2241
2249
2291
2307
2325
2345
2348
2362
2371
2386
2400
2418
2420
2431
2474
2501
2505
2530
2532
2536
2550
2579
2580
2589
2696
2726
2755
2786
2816
2843
2855
2859
2869
2878
2879
2903
2951
2956
2973
3085
3110
3116
3177
3233
3264
3290
3350
3363
3395
3461
3476
3486
3523
3525
3532
3539
3560
3589
3613
3627
3630
3631
3675
3697
3706
3728
3744
3771
3805
3818
3831
3847
3869
3872
3887
3899
3946
3987
3991
4001
4098
4107
4162
4177
4184
4187
4194
4211
4296
4333
4343
4348
4382
4459
4466
4476
4478
4498
4501
4506
4521
4543
4565
4584
4641
4690
4704
4709
4713
4743
4744
4807
4832
4836
4838
4848
4902
4907
4939
4942
4950
4952
4962
4987
5054
5062
5063
5084
5086
5106
5120
5121
5130
5180
5189
5268
5278
5296
5305
5315
5322
5328
5353
5375
5376
5384
5401
5457
5465
5547
5550
5554
5563
5568
5586
5656
5662
5725
5737
5752
5753
5762
5767
5773
5794
5803
5870
5874
5877
5882
5929
5932
5943
5978
5993
5995
6019
6023
6039
6042
6063
6071
6079
6087
6106
6133
6142
6164
6227
6230
6241
6243
6249
6268
6300
6303
6368
6465
6476
6485
6506
6512
6513
6524
6533
6561
6567
6581
6627
6637
6687
6690
6718
6731
6752
6780
6786
6798
6808
6816
6844
6867
6879
6898
6930
6948
6952
6985
6993
7031
7034
7044
7047
7049
7056
7057
7076
7111
7139
7148
7156
7206
7223
7238
7243
7246
7260
7265
7268
7270
7286
7345
7355
7369
7399
7405
7406
7431
7433
7434
7451
7452
7485
7505
7530
7533
7539
7556
7566
7582
7602
7607
7623
7674
7683
7693
7725
7771
7793
7803
7848
7895
7901
7917
7958
7973
7995
8018
8033
8072
8096
8139
8150
8154
8197
8222
8255
8283
8308
8313
8314
8356
8364
8395
8409
8544
8585
8620
8634
8692
8693
8694
8698
8703
8726
8743
8792
8808
8838
8851
8865
8921
8956
8985
9034
9081
9082
9114
9116
9122
9132
9155
9191
9199
9202
9203
9237
9249
9251
9273
9279
9300
9367
9371
9395
9407
9418
9434
9469
9495
9496
9509
9555
9578
9591
9608
9609
9623
9627
9648
9649
9690
9718
9727
9734
9765
9769
9784
9788
9820
9838
9870
9913
9920
9936
9947
9967
9978
9986
9996
